# Media-ID's van uitgelichte afbeeldingen die verkleind moeten worden.
# Eén ID per regel. Afbeeldingen onder de 200 KB worden overgeslagen.
# Recent gepubliceerd (vanaf 27 sep 2026)
12510
9935
12316
12224
12249
9937
12321
12225
12250
12453
12043
9939
12631
12636
12226
12252
9941
12314
# Ingepland
12227
12449
12247
9910
12315
12228
12639
12248
9908
12317
12459
12229
12246
12565
9906
12633
12312
12230
12253
12038
12460
9904
12304
12231
12566
8490
12537
9899
12313
12232
12452
9897
12306
9895
12305
12568
9893
12535
12307
9891
12456
9889
12311
12039
9887
12567
12333
12539
9883
12301
9885
12462
12309
9944
12308
12569
12103
12536
12104
12461
12341
12342
12570
12113
12538
12344
12042
12458
12339
12345
12340
12542
12349
12112
12454
12114
12115
12613
12541
8508
12540
12455
12463
8505
12451
12543
12464
12544
8502
12497
12545
12496
